6198822
6199030
6199402
6201650
6202706
6203670
6205138
6205378
6205434
6205866
6206130
6207242
6207698
6208402
6208498
6209370
6209430
6209978
6210050
6210374
6210398
6211030
6211794
6211870
6213106
6216690
6219474
6221478
6222962
6223254
6223954
6224390
6224454
6225026
6226258
6226326
6226374
6226746
6228030
6229110
6229602
6229678
6230538
6230606
6231814
6232214
6233378
6233718
6233734
6233958
6234358
6234682
6236090
6240062
6240206
6240563
6241202
6242282
6242384
6242546
6242876
6243824
6243941
6244142
6246155
6247505
6248507
6248822
6249416
6250358
6250364
6254534
6254642
6254975
6255941
6256190
6256664
6256952
6257243
6258374
6258764
6258941
6259013
6259067
6260969
6261314
6261956
6262118
6262187
6262427
6262811
6263051
6263228
6263717
6264044
6264053
6264350
6264587
6264746
6264884
6266564
6267320
6268223
6268340
6268517
6268778
6268985
6269006
6269105
6269582
6270404
6270413
6271115
6271130
6271163
6271202
6271496
6271769
6271811
6271832
6273287
6273293
6273656
6273659
6273782
6273848
6275492
6278135
6278285
6279134
6279935
6280121
6280358
6280448
6281036
6281780
6281969
6282248
6284231
6284243
6284984
6286124
6286136
6286424
6286577
6286580
6286829
6288044
6289112
6290198
6290384
6290387
6290525
6290969
6291194
6291425
6291758
6291893
6291944
6292364
6292613
6294053
6295361
6295547
6295655
6295724
6295736
6295817
6295838
6296156
6296291
6296351
6296417
6296636
6296780
6296933
6297020
6297356
6297473
6297488
6297680
6298058
6298244
6298376
6298799
6298928
6299177
6299210
6299252
6299279
6299501
6299516
6300242
6300281
6300419
6300680
6300794
6300830
6300836
6301010
6301097
6301358
6301385
6301406
6301802
6301817
6301970
6301988
6302495
6302768
6302816
6304037
6304121
6304289
6304517
6304526
6304565
6304571
6305099
6305111
6305174
6305204
6305369
6305567
6305657
6305666
6305768
6306524
6306587
6306695
6306962
6306965
6307205
6307265
6307316
6307598
6307631
6307667
6307730
6307883
6307892
6308036
6308264
6308681
6309482
6309500
6309671
6310094
6310304
6310355
6310490
6310493
6310856
6311294
6312512
6315011
6315191
6315569
6315701
6315806
6315968
6316205
6316409
6316487
6316577
6316889
6316898
6317051
6317117
6317375
6317381
6317429
6317495
6317756
6317891
6317906
6318023
6318278
6318290
6319991
6320162
6320774
6320834
6321182
6321668
6321935
6323141
6323771
6323843
6323906
6323912
6323984
6324005
6325175
6327245
6327755
6327875
6327914
6328001
6328007
6328403
6328937
6329441
6329600
6330071
6330149
6330590
6330617
6330680
6330953
6331076
6331157
6331220
6331523
6332141
6332477
6332738
6332780
6332909
6332912
6333344
6333695
6333713
6333860
6333995
6334370
6334403
6334697
6334757
6335060
6335120
6335129
6335663
6335906
6335960
6336167
6336578
6337892
6338078
6338534
6338933
6339026
6339488
6339533
6339671
6339695
6339791
6340025
6340103
6340781
6340928
6341465
6342044
6342380
6342704
6342749
6343028
6343472
6343700
6344342
6344555
6344612
6344648
6345095
6345260
6345821
6346277
6346376
6346523
6346526
6347564
6347957
6348857
6349634
6349694
6350000
6350132
6350177
6350408
6350504
6351101
6351188
6351320
6351410
6351542
6351560
6351701
6351752
6351851
6351863
6352499
6353351
6356309
6357194
6359279
6359498
6359627
6359951
6360131
6360155
6360374
6360377
6362273
6362327
6362651
6363296
6363398
6364796
6365144
6365378
6365414
6365426
6366716
6367418
6370844
6370853
6371582
6371828
6371858
6373553
6374564
6375476
6375728
6377315
6380045
6380159
6381539
6381617
6381935
6384275
6384428
6386087
6386306
6386651
6388022
6388511
6388727
6388772
6389837
6390956
6391139
6392225
6394547
6394649
6398381
6398399
6399839
6400229
6400385
6400412
6400661
6400739
6400910
6401024
6401027
6401204
6401447
6401612
6401951
6402101
6402521
6402593
6402653
6402821
6403334
6403889
6404477
6404960
6405227
6405728
6406274
6406982
6407015
6408224
6408404
6410405
6411950
6412019
6412235
6412472
6412553
6412619
6412640
6412904
6413078
6413336
6413549
6414212
6414230
6414335
6414476
6416618
6416624
6416948
6417242
6417737
6418286
6418454
6418682
6419522
5885058
5885282
5885326
5885358
5885422
5885506
5885606
5885766
5885902
5886026
5887266
5888034
5888638
5889442
5889658
5890602
5890798
5892778
5894494
5896158
5896234
5896606
5897130
5897722
5897806
5898986
5899982
5900274
5900446
5900510
5900770
5900898
5901422
5901646
5901694
5901954
5902206
5902554
5902978
5903030
5903942
5904646
5904690
5904942
5905002
5905606
5905714
5905914
5906450
5906950
5907342
5907634
5908286
5908754
5908858
5909594
5909862
5910310
5915522
5915642
5915710
5915730
5916138
5916254
5916462
5916478
5916622
5916782
5916838
5916898
5917214
5917222
5917410
5917670
5917682
5917758
5918286
5918306
5918446
5918674
5918694
5918958
5919746
5920046
5920082
5921242
5921870
5922290
5922710
5923114
5923626
5923714
5924726
5925434
5925510
5925642
5925690
5925710
5925726
5926718
5927990
5928878
5929830
5933170
5934214
5935074
5935082
5936378
5936934
5937066
5937326
5937842
5937906
5938126
5939230
5939378
5939738
5940186
5940298
5940350
5940454
5940590
5940598
5940774
5941154
5941266
5941438
5941690
5941758
5942118
5943030
5944022
5944334
5944414
5944998
5945050
5945430
5945942
5946758
5947338
5947566
5947994
5950406
5955230
5955646
5955666
5956974
5957542
5957978
5958066
5958198
5958426
5958658
5958846
5958954
5959450
5960498
5960654
5960770
5960802
5960934
5961006
5961230
5961238
5961318
5961658
5961830
5961946
5962258
5962498
5964002
5964254
5964770
5964962
5965906
5966002
5967330
5967506
5967974
5967994
5968014
5968486
5969642
5969830
5970010
5970318
5970626
5976586
5976794
5978590
5978762
5979330
5979774
5979798
5979994
5980350
5980534
5981286
5981690
5982370
5983214
5983290
5983762
5983838
5984290
5985042
5985902
5986478
5986482
5986518
5986574
5987766
5988974
5989206
5989398
5991698
5991938
5992186
5992218
5992226
5992374
5992850
5993118
5993774
5994570
5995862
5996770
5999830
6001102
6001214
6001734
6002454
6004122
6004330
6005542
6006166
6008386
6008518
6009866
6010058
6010486
6019338
6020142
6021290
6021702
6022722
6022754
6023266
6024206
6025074
6025546
6025990
6026274
6026530
6027426
6027582
6028358
6028362
6028542
6028886
6029802
6033466
6034634
6035046
6035642
6036838
6036902
6037062
6038006
6038186
6038914
6039250
6042518
6043842
6043898
6043994
6044070
6044114
6044266
6046614
6047334
6047578
6047674
6048554
6049586
6049646
6050442
6050446
6050542
6050854
6051018
6051422
6051818
6052358
6052506
6053022
6053202
6054458
6054674
6057674
6058150
6059858
6060526
6061982
6062030
6062038
6062234
6062514
6062550
6062766
6063186
6063690
6064242
6064282
6064970
6065378
6065626
6065714
6066238
6066306
6066410
6067562
6067934
6068590
6070254
6070378
6070826
6071306
6071554
6071722
6071834
6072358
6072514
6072542
6073706
6074998
6077926
6077994
6078566
6088414
6089758
6089790
6090030
6091006
6091258
6091306
6092282
6092434
6094090
6094190
6094370
6094762
6095138
6095290
6095458
6095498
6095938
6095966
6096130
6096682
6096918
6098054
6098198
6098914
6099670
6103074
6104058
6104602
6106886
6107186
6107822
6108934
6109366
6109574
6110130
6110138
6110394
6110426
6110510
6110762
6113558
6117442
6117758
6117958
6118926
6119658
6119818
6120090
6120430
6122254
6122406
6122514
6123974
6124122
6132798
6132838
6133830
6134030
6134474
6134550
6134614
6135254
6135514
6135566
6136062
6136218
6136330
6136662
6137578
6138026
6138602
6138730
6139966
6140134
6140298
6140306
6140426
6140614
6140774
6141398
6141506
6141754
6142330
6143842
6144082
6144626
6144834
6146134
6146818
6147066
6147566
6149754
6151666
6153154
6155970
6156026
6157074
6157158
6157514
6157642
6157774
6158262
6158450
6159142
6160294
6160458
6160642
6160810
6160822
6161594
6161694
6163202
6163310
6163570
6163758
6163970
6164158
6164202
6164514
6165018
6165318
6165810
6166278
6166590
6166630
6166786
6168762
6169886
6173834
6174750
6175102
6175570
6175814
6176818
6177098
6177282
6177318
6177606
6178118
6179218
6179858
6180194
6180574
6180646
6180786
6180946
6181550
6182614
6184394
6187206
6187298
6187746
6187802
6188006
6190778
6196630
6197370
6197646
6197842
6197886
5632906
5637790
5638146
5638502
5639106
5639326
5639834
5639842
5639866
5640150
5640370
5640942
5640994
5641074
5642858
5643090
5644370
5644374
5644954
5645178
5645330
5645818
5645982
5646258
5646438
5646702
5651618
5653186
5653266
5653314
5654646
5654938
5656066
5656386
5656502
5656546
5657162
5657186
5658034
5658706
5659050
5659062
5659418
5659566
5659686
5660462
5662662
5662686
5662726
5664538
5665522
5665794
5665802
5670222
5670542
5671026
5671434
5671506
5671746
5672174
5672482
5672862
5673590
5673618
5673722
5673922
5674894
5676062
5676310
5678290
5678586
5679122
5679534
5679710
5679918
5680286
5680438
5681094
5681538
5683366
5686270
5688570
5689126
5689954
5690706
5691602
5691650
5692058
5692746
5692778
5693234
5693462
5694146
5694382
5694554
5694814
5694990
5695286
5695522
5696022
5696098
5696810
5697866
5698182
5699498
5699638
5700786
5701502
5706086
5706174
5706214
5706538
5706830
5706954
5707090
5707498
5707842
5708026
5708098
5708646
5708658
5708670
5708726
5709050
5709370
5709402
5709654
5709890
5710018
5710114
5710590
5710674
5712742
5713134
5713258
5713322
5713562
5714426
5714566
5714998
5715066
5715366
5716442
5716530
5716606
5716626
5718358
5718882
5719350
5719702
5719970
5721086
5721206
5721234
5722122
5722474
5722558
5722622
5722670
5722718
5722774
5722838
5722850
5723038
5723090
5723222
5723386
5723602
5723950
5724094
5724198
5724206
5724646
5724650
5725094
5725162
5725398
5726398
5726578
5726614
5726802
5726902
5727122
5727230
5727354
5727518
5728046
5728150
5728190
5728222
5729278
5730274
5730742
5731818
5733818
5734134
5734494
5734974
5735738
5735990
5736634
5736646
5736694
5736822
5740062
5741306
5741986
5742530
5743954
5744402
5744462
5744706
5745930
5745958
5747962
5748138
5752930
5753486
5753634
5754154
5754166
5754310
5754366
5754802
5755598
5755722
5756090
5757586
5757910
5758190
5758694
5758862
5758938
5759174
5759914
5760062
5760166
5760546
5760966
5760990
5762422
5762798
5765338
5765438
5765686
5766674
5768082
5768098
5768618
5770642
5770790
5771058
5771258
5771482
5772482
5772502
5772830
5773786
5774262
5774538
5774650
5775154
5775950
5776078
5776498
5776982
5778134
5778162
5778382
5779510
5780094
5781798
5782046
5782770
5783034
5783462
5787850
5789178
5789410
5789434
5789490
5789702
5789870
5790494
5790502
5791078
5791334
5791598
5792182
5792274
5792594
5792854
5792934
5793642
5793898
5794034
5794394
5794486
5794618
5794754
5795278
5796082
5796138
5796406
5796638
5797374
5797766
5798078
5799418
5799982
5801834
5803238
5803374
5803486
5803674
5803706
5803774
5803998
5804290
5804310
5804582
5804642
5804694
5804774
5804918
5805106
5805262
5807454
5807606
5807778
5809414
5809610
5809958
5809998
5810022
5810026
5810370
5810382
5810434
5810854
5811262
5811442
5811466
5812198
5816038
5817782
5817870
5817882
5818302
5818470
5818478
5818834
5818858
5818970
5819030
5819210
5819974
5820006
5820098
5820106
5820258
5820426
5820478
5820606
5820630
5820670
5820770
5821018
5821218
5821670
5821726
5821770
5821774
5821798
5821930
5821986
5822258
5822670
5823494
5824058
5824410
5824546
5825458
5826958
5827090
5827786
5828034
5828098
5828378
5828986
5829198
5829334
5829722
5832930
5836674
5836694
5837658
5837858
5838022
5838122
5838358
5838442
5839634
5840078
5840170
5840530
5840722
5841234
5841286
5841462
5841498
5841550
5842178
5842458
5842722
5843310
5843734
5845950
5846102
5846274
5846438
5847554
5848402
5848498
5848858
5849342
5850542
5856282
5858114
5859066
5859090
5859230
5859602
5859950
5860510
5860810
5861030
5861190
5861334
5862234
5862346
5863006
5863894
5865190
5866490
5866578
5866626
5866902
5866978
5866986
5867958
5869338
5869378
5870098
5871034
5871850
5872018
5872542
5872946
5875650
5878278
5878434
5879350
5879410
5879626
5880250
5880382
5880674
5881026
5881246
5881338
5881726
5881786
5882458
5882546
5882630
5882698
5882758
5882846
5882894
5883194
5883250
5883430
5883474
5883514
5883570
5883670
5883802
5883862
5883962
5883978
5884018
5884094
5884122
5884126
5884362
5884554
5884670
5884738
5884898
5443198
5443434
5444002
5444374
5445330
5445486
5446114
5446854
5448790
5449566
5449610
5449678
5450230
5450954
5451098
5451162
5451234
5451258
5451342
5451774
5452170
5452222
5452470
5452806
5452898
5454158
5454266
5454746
5454794
5455754
5457042
5457606
5458254
5460066
5461218
5461322
5461346
5461546
5461558
5462334
5462382
5462538
5463014
5463122
5463642
5464022
5464422
5464654
5464770
5464942
5466178
5468282
5468342
5468870
5470638
5472722
5473050
5474414
5475194
5475350
5475806
5476298
5476514
5476838
5477170
5477422
5477490
5477618
5477794
5478094
5478614
5478686
5478798
5479870
5480510
5480902
5480994
5481270
5481370
5481498
5482102
5482830
5482858
5483658
5483762
5483850
5484334
5484630
5485010
5485322
5485970
5486114
5486242
5486302
5486462
5487266
5488458
5488570
5489998
5490130
5490450
5490702
5490758
5490766
5490842
5491190
5491306
5491446
5491606
5491646
5491670
5491694
5491966
5492026
5492290
5492334
5492370
5492490
5492598
5492734
5492802
5492930
5493326
5493430
5493714
5494114
5495130
5495510
5495554
5496134
5496614
5497110
5497610
5498202
5498226
5498462
5499234
5499574
5500074
5500830
5500974
5502618
5503310
5503394
5503486
5503602
5503874
5503990
5504130
5504246
5504418
5504834
5504898
5504942
5505030
5505042
5505094
5505134
5505366
5505682
5506134
5506146
5506410
5506414
5506430
5507114
5507470
5507578
5507734
5508002
5508226
5508306
5508378
5508866
5509578
5509846
5510074
5510606
5511294
5511322
5511710
5513078
5515482
5515990
5517134
5517162
5517178
5517502
5517706
5517734
5518046
5518058
5518302
5518682
5519298
5519310
5519362
5519650
5520266
5520694
5520858
5521334
5521378
5522454
5523326
5523418
5523806
5524838
5525434
5525554
5529262
5529386
5529530
5530234
5530390
5530538
5530618
5530678
5530686
5530846
5531654
5531758
5532318
5532798
5533506
5533730
5533734
5534546
5534818
5534862
5535078
5535086
5535090
5535750
5536218
5536302
5536550
5536570
5536670
5536766
5536890
5537058
5537494
5537762
5537786
5538250
5538258
5538950
5539846
5541458
5542858
5543430
5543542
5543626
5544278
5544706
5544974
5545754
5546170
5546370
5546382
5547842
5547934
5548542
5549150
5549550
5549698
5549970
5550374
5550446
5550474
5550598
5550658
5550722
5551174
5553158
5553906
5554026
5554414
5554646
5554710
5554866
5555762
5555822
5555906
5556078
5556210
5556254
5556322
5556798
5557070
5557210
5557786
5558530
5558838
5559498
5559502
5560190
5560578
5560858
5561934
5562482
5562706
5563158
5563194
5563426
5563526
5563578
5563854
5563910
5563922
5564466
5564470
5564498
5564538
5564566
5564898
5564946
5565006
5566198
5566286
5566974
5567026
5567042
5567582
5567658
5568006
5568534
5569226
5569266
5569298
5569302
5571202
5573258
5573714
5574182
5574234
5574330
5574546
5574578
5575310
5575346
5575370
5575594
5575638
5575642
5575682
5575770
5576726
5576898
5577986
5578922
5579510
5579946
5580566
5580622
5580642
5581450
5584906
5584954
5584982
5585414
5585430
5585438
5585570
5585658
5586010
5586186
5586190
5586318
5586498
5587050
5587506
5587698
5587970
5588210
5588214
5588510
5588974
5589006
5590022
5590262
5590566
5590898
5591218
5591410
5591526
5591686
5591726
5591998
5592054
5592274
5592430
5592470
5593046
5593398
5593434
5593570
5593822
5594142
5595042
5596406
5596514
5597586
5597606
5597798
5597890
5598134
5598218
5598310
5598338
5598530
5598934
5598970
5599098
5599526
5599654
5599794
5599854
5599890
5599902
5600070
5600402
5601866
5602122
5602142
5602362
5602378
5602442
5603710
5603722
5603726
5604186
5604214
5604506
5604522
5604610
5604746
5605134
5605994
5606890
5609286
5609390
5610490
5610522
5610694
5610798
5610822
5611066
5611110
5611126
5611490
5611894
5611902
5612582
5612906
5612910
5612922
5613166
5613458
5614194
5615390
5615570
5615642
5615894
5616206
5616654
5616694
5616762
5617182
5617354
5617474
5617570
5617766
5618422
5618466
5618582
5618762
5619598
5619774
5621818
5623570
5623638
5623714
5625302
5625686
5626118
5627278
5627494
5627602
5627678
5627738
5627770
5627926
5628974
5629842
5629878
5630042
5631330
5631726
5161834
5162374
5162622
5162742
5163170
5163298
5163714
5164066
5164318
5164758
5165022
5165622
5165666
5165782
5165894
5166106
5166578
5166834
5166850
5167642
5167734
5167862
5168122
5168278
5168314
5168690
5168878
5169874
5171966
5173626
5174310
5174410
5175074
5175318
5175802
5176114
5176338
5176370
5176382
5176398
5176662
5176702
5176790
5176926
5177134
5177314
5177482
5177630
5178442
5178614
5178814
5179038
5179458
5180558
5181310
5181722
5182326
5182342
5185750
5187122
5188926
5188990
5189002
5189774
5190546
5190946
5191070
5192142
5192350
5192370
5192578
5192914
5193518
5196334
5198218
5199542
5200298
5201422
5201882
5202178
5202814
5202918
5203118
5203306
5203482
5203590
5203630
5204046
5204266
5204718
5204798
5205114
5205842
5205914
5206634
5207054
5207386
5207490
5209730
5210094
5210382
5210562
5211098
5211150
5211202
5211394
5211978
5212246
5212410
5212502
5213386
5213538
5213822
5214522
5214646
5215158
5215850
5216190
5216374
5217958
5220054
5220114
5220234
5220646
5220762
5221022
5221126
5222518
5223490
5223594
5223778
5223834
5224698
5224838
5225362
5227002
5227118
5229238
5231130
5231134
5231886
5232070
5232710
5233670
5233754
5233806
5234266
5235170
5235398
5236150
5236662
5236822
5236858
5237290
5237346
5237398
5237698
5237910
5241258
5241358
5241918
5242294
5243458
5243554
5243566
5243974
5244098
5244114
5244586
5244610
5244622
5244830
5245090
5245266
5245302
5245474
5245502
5245570
5245606
5245730
5245842
5245894
5245966
5246142
5246314
5246926
5246938
5247170
5247178
5247186
5247630
5247858
5247902
5248258
5248398
5248434
5248778
5248942
5249034
5249102
5249110
5249130
5249146
5249438
5249974
5250034
5250438
5250934
5251054
5252222
5252918
5252986
5253218
5253222
5253466
5253674
5254022
5254278
5254494
5254550
5254574
5254910
5254986
5255146
5256682
5256846
5257118
5257362
5257438
5257602
5257754
5257974
5258118
5258610
5258758
5258934
5259226
5259418
5260566
5260970
5262166
5262458
5262630
5262866
5262922
5263066
5263402
5263438
5263674
5263934
5264050
5264498
5265394
5265566
5265818
5266362
5266386
5266762
5266906
5266926
5267002
5267162
5267222
5268310
5269030
5269454
5269586
5270914
5271562
5272058
5272106
5272606
5273078
5274198
5274358
5274406
5274650
5274758
5274770
5275606
5275894
5276502
5276714
5276734
5277114
5277258
5280262
5280282
5280378
5281802
5282138
5282946
5283050
5283170
5283250
5283426
5283586
5284454
5285370
5285442
5285562
5285606
5285858
5285958
5286014
5286062
5286086
5286098
5286174
5286310
5286322
5286422
5286522
5286870
5287218
5287238
5287738
5288310
5288598
5289414
5290190
5290810
5290886
5291426
5291450
5291530
5291610
5292082
5292098
5292126
5292438
5292686
5293394
5293534
5293850
5294278
5294446
5294570
5295258
5296386
5296390
5296426
5296570
5296730
5296794
5296890
5297466
5297882
5300486
5300946
5300962
5301322
5301370
5301726
5301794
5302338
5305102
5306666
5307830
5308038
5309966
5311462
5312822
5313906
5314554
5314590
5315326
5315838
5316438
5316610
5316978
5317118
5317670
5319090
5319190
5320138
5321586
5321750
5322258
5322562
5322962
5323710
5325870
5331330
5331406
5336166
5338274
5339042
5341082
5342134
5343234
5344034
5345438
5346382
5348798
5349110
5350258
5350334
5350418
5350770
5351406
5353938
5354198
5354558
5355178
5360342
5361422
5362874
5364630
5365086
5365110
5365302
5365314
5365934
5366042
5366214
5366430
5367030
5372010
5372590
5374502
5374594
5375422
5376166
5376818
5377226
5377310
5377910
5378354
5378922
5378962
5378978
5379318
5379630
5380626
5383386
5385582
5386498
5391046
5391298
5391458
5392038
5392130
5392318
5392542
5393458
5393582
5395070
5397342
5397810
5397826
5406654
5406918
5408530
5409242
5410258
5410814
5412646
5413670
5415306
5415386
5416058
5416582
5416954
5418358
5420474
5422258
5422330
5423318
5423902
5424058
5424182
5425250
5425342
5425370
5425782
5426118
5426826
5427986
5429002
5430110
5430542
5431654
5434330
5436278
5436538
5437294
5437762
5437870
5438250
5438254
5438506
5438674
5440026
5440498
5440730
5440982
5442010
5442454
5442938
4944298
4944602
4944922
4945542
4945706
4946474
4946666
4947198
4947482
4947530
4947694
4948114
4948586
4948810
4951370
4952658
4952806
4953822
4954318
4954546
4955622
4955678
4955918
4956062
4956290
4956978
4957646
4958566
4960078
4960822
4961342
4961698
4961710
4961898
4962062
4962198
4962242
4962826
4962894
4962954
4963370
4963586
4964242
4964286
4964290
4964346
4964486
4964542
4964670
4964966
4965110
4965690
4965746
4966414
4968642
4968670
4968686
4968834
4968854
4969502
4969794
4970034
4970114
4970130
4970250
4970358
4970794
4970966
4970998
4971026
4971142
4971258
4971326
4971366
4971458
4971702
4971870
4971890
4972258
4973066
4973262
4974122
4974386
4974422
4974490
4974678
4975006
4976066
4976866
4977398
4978430
4979054
4979734
4980334
4980794
4980978
4981282
4981342
4981550
4982234
4982338
4982614
4982758
4982834
4982954
4983142
4983434
4983530
4985206
4986230
4986386
4986974
4987310
4987370
4988426
4988682
4989038
4989862
4990842
4990974
4990982
4991426
4991462
4991546
4991734
4992310
4992382
4992394
4992402
4992518
4992682
4992862
4992914
4993342
4994306
4994330
4994562
4995330
4996462
4996694
4997302
4997322
4998222
4998786
5001178
5003270
5003406
5003414
5003498
5003750
5003994
5004078
5004090
5004122
5004558
5004634
5005022
5005318
5005394
5005478
5006062
5006474
5007182
5008178
5008322
5008714
5008754
5008878
5009018
5010026
5011242
5011366
5013122
5014454
5015146
5015390
5015502
5017530
5017782
5017818
5018502
5019054
5019518
5020470
5020634
5022234
5023014
5024502
5024694
5024942
5024962
5025010
5028014
5029722
5029762
5030246
5031218
5031454
5031762
5032578
5032878
5032914
5033070
5033470
5034466
5035106
5035154
5035666
5035734
5036214
5037998
5038026
5038038
5038046
5038802
5039126
5039806
5040230
5040734
5041162
5041378
5041426
5041754
5041986
5042326
5043014
5043398
5043646
5046378
5047726
5047910
5048058
5048082
5048470
5048902
5049142
5049266
5049346
5050082
5051042
5051078
5051282
5052330
5052678
5052858
5053154
5053294
5053454
5053494
5053682
5054202
5054930
5055198
5058574
5058638
5059410
5059490
5059598
5059954
5060214
5060518
5060698
5061754
5061874
5061954
5062450
5063378
5065874
5065950
5066002
5066622
5066630
5066658
5066798
5067942
5068978
5068986
5069126
5070706
5070730
5070790
5070902
5071074
5071154
5071250
5071374
5071542
5071582
5071622
5071670
5071814
5072230
5072270
5072354
5072410
5072470
5072490
5072642
5072650
5073106
5073118
5073166
5073370
5073486
5073526
5073562
5073682
5073786
5073990
5074130
5074210
5074434
5074878
5074890
5074990
5077034
5077074
5077086
5077966
5078298
5078366
5079226
5079442
5079518
5080022
5080258
5080338
5081250
5081470
5081562
5083806
5083842
5086518
5086614
5086670
5087018
5087254
5087730
5088134
5088214
5088430
5088882
5089046
5089398
5089418
5090346
5090462
5090530
5090554
5090586
5090602
5090934
5091054
5091350
5091646
5091986
5092438
5092846
5092942
5093382
5093738
5093890
5094042
5095150
5096826
5096914
5097666
5098126
5101302
5101394
5101406
5101430
5101562
5101870
5101950
5102434
5103134
5103274
5103286
5103810
5104822
5104826
5105130
5105454
5105818
5105918
5106130
5106398
5106782
5107118
5108514
5108538
5108958
5111850
5112418
5112694
5112706
5112918
5113414
5113442
5114390
5114874
5115798
5115814
5115830
5115946
5116026
5116178
5116286
5116422
5116550
5116878
5116954
5117750
5118194
5118902
5120234
5121846
5122650
5122750
5123058
5123370
5123450
5124194
5124278
5124454
5124770
5125590
5125742
5126890
5127226
5127470
5129306
5129546
5130306
5130722
5130966
5131474
5131754
5131898
5132434
5132470
5132878
5133242
5134146
5135494
5135566
5135946
5136266
5136662
5138322
5138970
5143438
5144250
5144930
5146830
5146926
5147050
5148034
5148222
5148630
5149034
5149098
5149414
5149526
5149538
5149894
5150134
5150282
5150494
5150926
5151030
5151290
5152150
5152626
5152670
5152886
5152990
5153054
5153210
5153314
5153422
5153638
5153722
5153858
5153878
5153930
5154038
5155218
5155438
5155518
5155718
5155998
5156194
5156230
5157178
5159674
5160086
5161426
5161766
4745550
4745714
4745998
4746006
4746966
4747578
4747994
4748106
4748790
4748834
4752366
4752930
4753218
4754230
4754338
4754438
4754590
4754754
4755014
4755078
4756026
4756206
4757494
4757866
4758570
4758598
4758842
4759266
4759682
4759990
4759994
4760302
4760354
4762746
4767678
4767810
4767834
4768542
4768562
4769118
4770342
4770590
4772330
4772370
4772522
4772526
4772646
4773102
4774014
4774046
4774674
4775082
4775570
4775782
4775938
4775942
4775994
4776030
4777874
4778802
4778882
4779426
4779494
4780350
4780466
4781378
4781458
4786610
4787510
4787842
4788086
4788214
4788678
4788846
4789082
4789334
4789466
4789514
4789910
4789942
4790222
4790830
4790842
4790862
4792330
4792402
4792894
4793282
4793366
4794014
4794246
4795130
4796206
4796238
4796286
4797954
4798082
4798794
4799194
4799258
4799546
4799958
4799966
4799982
4800294
4800466
4800530
4800638
4800758
4800958
4800994
4801662
4802122
4802258
4802518
4803878
4804362
4804978
4805418
4805426
4805814
4805958
4806010
4806470
4806618
4806718
4806918
4806942
4806954
4806970
4807638
4807750
4808022
4808346
4808482
4808946
4809290
4809338
4809830
4809834
4810502
4810602
4811110
4811430
4815618
4815790
4815806
4816050
4816402
4816474
4816506
4816842
4816874
4816914
4817122
4817154
4817258
4817382
4817414
4817450
4817798
4817838
4818098
4818154
4818474
4818670
4818934
4819250
4819486
4819650
4819726
4820986
4821498
4821822
4821886
4822154
4822298
4822690
4827242
4828674
4829306
4829338
4829354
4829374
4829570
4830510
4830714
4830730
4830742
4830902
4830990
4831018
4831322
4831486
4831738
4832326
4832458
4832534
4832658
4833386
4833442
4834274
4834294
4834746
4835946
4836526
4837250
4837254
4837838
4838590
4838742
4839782
4840134
4840182
4840354
4840850
4840962
4841038
4841406
4841534
4842218
4842450
4842454
4842754
4842878
4843210
4843526
4843850
4843998
4844382
4844746
4845002
4845050
4846826
4847038
4847430
4848962
4849190
4849410
4851686
4852134
4852594
4852918
4853518
4854174
4854186
4854910
4855442
4855470
4855630
4856318
4856334
4856530
4856618
4857126
4857154
4858470
4858850
4859218
4860114
4862298
4862866
4862990
4863414
4863706
4863922
4864022
4864534
4864650
4865790
4865918
4866710
4866802
4866854
4866870
4867026
4867418
4868030
4868078
4868442
4868482
4869518
4869522
4869822
4870622
4870650
4871126
4871342
4872246
4874370
4874426
4874698
4874762
4874774
4874834
4875014
4875106
4875210
4875410
4875426
4875634
4875670
4875754
4875882
4876070
4876202
4876542
4876938
4877158
4877246
4877314
4877434
4877462
4877646
4878258
4878730
4878858
4879186
4879558
4879950
4880126
4880270
4881090
4881198
4883474
4883774
4883798
4883802
4883926
4883986
4884630
4884666
4884682
4885330
4885690
4885778
4885942
4886202
4886322
4886370
4886446
4886490
4887106
4887318
4887466
4887862
4888078
4888446
4888502
4888586
4889250
4889430
4889586
4889654
4889718
4890250
4890630
4890914
4892474
4892846
4893198
4893846
4893886
4894202
4894270
4894322
4894394
4894430
4894906
4895102
4895242
4896186
4896338
4896630
4897218
4897230
4897798
4897814
4898210
4898570
4898878
4899014
4899042
4899554
4900086
4900190
4900750
4901138
4901654
4901794
4901982
4901990
4902422
4905066
4905618
4905714
4905882
4905958
4906018
4906062
4906078
4906606
4906746
4906894
4906906
4907310
4907450
4907746
4907758
4907962
4908086
4908314
4908374
4908390
4908506
4908822
4908970
4909042
4909238
4909402
4909730
4909858
4910526
4910582
4911082
4911330
4911634
4911690
4911818
4911926
4912498
4913514
4913774
4914050
4917498
4917738
4917830
4918026
4918190
4918354
4919362
4919454
4920018
4923274
4923874
4924442
4924858
4925106
4925110
4925642
4925706
4925818
4926562
4928682
4928974
4929142
4929566
4930530
4930550
4930758
4930814
4930842
4931214
4931450
4931690
4931754
4932566
4932694
4933038
4933202
4933246
4933418
4933690
4933910
4933946
4934074
4934522
4934582
4935690
4935950
4936798
4937658
4937902
4938026
4938242
4938426
4938538
4941214
4941310
4941314
4941702
4942010
4942270
4942298
4942378
4943462
4943682
4943918
4944198
4944234
4511403
4511715
4514383
4514639
4515363
4515467
4515611
4516559
4516711
4516719
4517739
4518079
4518267
4518339
4518503
4518899
4519063
4519767
4519799
4520139
4521371
4522275
4522299
4522471
4522547
4522623
4522655
4523235
4523479
4524555
4524999
4527955
4529059
4529227
4530603
4532279
4533411
4533799
4535787
4537667
4537703
4537871
4538991
4540031
4540223
4540419
4540755
4541187
4541219
4541947
4542271
4543531
4545956
4551760
4554724
4555364
4555468
4555740
4555864
4556152
4556232
4557552
4559304
4559688
4560368
4560604
4561212
4561236
4562200
4562492
4562776
4563164
4563348
4563636
4563944
4564128
4566132
4566500
4566652
4566980
4567696
4568028
4568040
4568060
4568168
4568176
4568956
4569016
4569376
4569464
4569468
4569584
4569652
4569708
4569832
4569840
4570032
4570044
4570088
4570144
4570240
4570304
4570340
4570440
4571116
4571468
4571708
4572808
4573756
4573952
4574128
4574224
4574572
4574660
4574820
4574948
4575064
4575248
4575488
4575516
4575620
4575648
4576208
4576212
4576460
4576572
4576640
4576840
4577508
4577540
4577884
4578168
4578192
4578456
4578576
4578940
4579072
4579404
4579424
4579968
4580300
4580384
4581528
4582368
4582560
4582996
4583356
4583408
4583432
4583860
4583888
4584200
4584484
4584740
4586512
4587072
4587080
4588408
4588924
4589576
4590160
4590408
4590724
4591420
4591640
4591728
4591888
4592028
4592444
4593052
4593696
4598912
4599140
4599712
4600608
4601804
4602348
4602500
4603040
4603416
4603832
4603916
4604276
4604468
4604856
4605724
4606996
4607032
4607060
4607456
4607684
4609990
4613746
4615686
4616514
4616638
4616914
4617194
4617410
4617854
4618882
4618922
4619578
4620874
4621186
4621454
4621602
4622282
4622454
4624050
4624810
4625822
4631194
4631246
4631450
4631602
4631806
4631950
4632178
4632278
4633038
4633174
4633182
4633342
4633906
4634166
4634670
4634970
4635626
4635978
4636002
4636170
4636946
4637018
4637058
4637294
4637382
4637902
4638046
4639330
4641342
4642206
4642494
4643026
4643766
4645722
4646038
4646526
4646690
4646706
4646962
4647402
4648062
4648430
4649154
4649258
4649438
4650874
4651602
4651782
4652534
4652726
4652754
4654450
4654538
4654722
4654826
4654962
4655010
4655614
4656110
4656482
4657878
4658962
4659226
4659302
4659594
4659930
4660170
4660802
4661274
4661326
4661842
4661962
4662514
4664822
4664838
4665234
4665286
4665330
4665566
4665630
4665718
4666170
4666214
4666430
4666562
4666906
4667794
4669174
4669222
4670270
4670650
4670710
4670830
4671062
4671262
4675074
4675182
4675262
4675386
4675934
4675970
4676010
4676258
4676514
4676542
4676714
4677058
4677270
4677326
4677410
4678442
4678602
4679178
4679250
4679586
4679742
4679842
4680070
4681030
4681614
4682110
4684034
4684290
4685726
4685858
4685894
4686366
4686474
4686502
4687150
4687262
4687502
4688058
4688494
4688578
4688818
4688930
4689026
4689522
4689690
4690094
4690410
4690522
4690790
4691014
4691070
4691230
4691278
4691630
4692378
4692570
4693870
4695078
4695486
4695958
4695982
4696094
4696886
4697086
4697134
4697150
4697646
4697678
4697686
4697766
4697794
4699470
4699766
4700558
4700714
4701106
4701222
4702274
4702818
4704238
4704890
4704910
4705194
4705438
4705478
4705582
4705606
4705902
4705978
4706006
4706066
4706470
4706506
4706574
4706642
4707190
4707246
4707610
4707742
4708018
4708038
4708078
4708114
4708910
4709090
4709354
4709398
4709686
4709690
4709806
4709902
4710002
4711118
4711238
4712046
4712638
4713090
4714774
4715038
4716094
4716270
4716738
4717398
4717650
4717966
4718854
4719030
4719270
4719290
4719738
4720590
4722034
4722046
4722054
4722714
4723018
4723090
4723218
4723314
4723358
4724102
4724118
4724134
4724982
4725234
4725558
4726710
4730994
4731058
4731294
4731318
4731326
4731358
4731658
4731918
4732126
4732746
4732754
4732894
4733042
4733274
4733614
4733694
4734102
4734438
4734798
4735174
4735498
4736002
4736026
4736310
4736686
4737930
4741078
4741222
4741242
4741350
4741846
4742062
4742114
4742226
4742386
4742454
4742466
4742478
4742562
4742622
4742914
4743414
4744058
4744534
4744870
4744898
4341412
4341436
4341612
4341664
4341732
4341836
4342016
4342392
4342816
4343164
4343988
4344976
4344996
4345028
4345224
4345240
4345304
4345328
4346148
4346864
4347108
4347404
4347788
4347972
4348460
4348500
4348672
4348756
4348864
4349312
4349756
4350548
4350664
4350728
4350828
4350836
4350940
4350948
4351064
4353320
4353404
4353468
4353552
4353692
4353799
4354815
4354938
4355037
4355151
4355757
4355904
4356381
4356384
4356648
4356771
4356894
4357395
4358031
4358262
4358283
4358427
4358538
4358625
4358682
4358760
4358781
4358964
4358997
4359039
4359312
4359744
4360242
4360284
4360593
4360905
4360956
4361124
4362264
4362483
4362735
4362744
4362906
4363047
4363104
4363272
4363509
4363563
4363605
4363662
4364004
4364058
4364274
4364463
4364595
4364718
4364805
4365093
4365963
4366071
4366077
4366326
4366464
4366779
4366866
4367226
4367544
4367553
4367601
4367652
4367706
4367880
4368621
4369446
4370118
4370370
4370598
4370640
4370646
4370742
4370745
4371615
4371882
4372047
4372164
4372299
4372488
4372728
4373163
4374378
4375119
4375554
4375641
4375668
4375893
4375896
4375956
4376046
4376070
4376124
4376292
4376355
4376361
4377276
4377315
4377675
4377996
4378011
4378053
4378062
4378161
4378350
4378689
4379034
4379208
4380582
4380783
4380882
4380969
4381062
4381224
4381254
4381290
4381323
4381428
4382121
4382184
4383084
4383438
4383498
4383909
4384455
4386095
4386227
4386623
4386855
4386927
4387055
4387243
4387263
4387307
4387515
4387951
4388051
4388347
4389255
4389539
4390539
4391696
4391860
4391996
4392116
4392480
4393164
4393256
4393572
4393624
4393748
4393948
4395880
4396272
4396408
4396896
4397368
4397836
4398128
4398792
4399160
4399460
4399524
4399620
4399804
4399924
4400840
4402048
4403308
4403772
4404312
4404316
4404528
4404836
4405224
4405572
4405968
4406900
4409164
4409288
4409296
4410132
4410168
4410188
4410460
4410708
4410900
4410976
4411028
4411056
4411464
4411644
4412180
4412588
4412632
4412664
4413104
4415988
4416544
4416592
4417480
4417548
4418832
4419392
4421592
4422204
4422312
4422360
4422428
4423128
4423656
4424156
4424316
4425468
4425480
4426096
4426756
4427016
4427540
4429464
4430188
4430344
4430424
4430668
4430756
4430880
4430884
4431352
4431584
4432544
4432972
4433300
4433460
4434028
4434060
4434432
4434580
4434632
4434900
4435092
4435184
4435384
4435672
4436852
4436860
4437612
4437724
4437912
4438164
4438288
4438356
4438632
4439036
4439568
4440148
4440164
4441168
4441628
4442068
4442376
4442440
4442652
4443200
4445144
4445528
4445736
4446088
4446112
4446144
4446520
4446980
4447368
4447488
4447756
4447912
4450028
4450040
4450512
4451360
4451752
4452276
4452296
4452556
4452620
4452824
4453020
4453036
4453392
4453656
4453692
4454208
4454232
4454608
4454688
4454692
4454712
4455112
4455240
4455748
4456816
4457024
4457064
4457124
4457148
4457312
4457356
4457500
4457892
4458000
4458040
4458092
4458096
4458184
4458332
4458448
4458944
4458960
4459480
4460784
4461164
4461196
4461244
4461476
4461544
4461716
4465420
4465424
4465516
4465560
4465576
4465592
4465748
4466044
4466216
4466404
4466620
4468288
4469260
4469740
4469904
4469996
4470200
4470272
4470372
4470552
4470872
4471124
4471212
4473208
4473284
4473380
4473576
4473768
4473856
4473968
4474208
4474524
4475016
4475356
4475688
4475720
4475936
4476476
4476912
4477684
4477832
4480696
4480776
4480920
4480992
4481036
4481104
4481276
4481280
4481732
4481860
4482132
4482204
4482392
4483132
4483152
4483436
4483476
4483484
4484144
4484216
4484628
4484868
4485140
4486620
4487256
4487604
4487868
4490180
4490236
4490860
4490948
4490992
4491156
4491224
4492072
4492352
4492432
4492744
4492792
4493180
4493184
4493292
4493416
4494348
4495912
4496172
4496336
4497192
4498878
4498899
4498951
4499033
4499035
4499190
4499203
4499264
4499342
4499630
4500114
4500286
4500464
4501223
4501583
4501871
4501999
4502223
4502355
4503455
4503471
4504091
4505715
4507383
4507443
4507771
4507807
4507939
4508083
4508483
4508599
4508647
4508667
4509095
4509143
4509543
4509587
4509999
4510811
4510931
4013328
4018224
4021748
4022776
4023052
4023696
4023980
4025288
4025400
4025632
4025832
4027064
4027476
4028344
4029104
4029464
4030416
4032288
4032396
4032772
4032984
4035624
4036756
4036964
4036968
4036992
4037396
4037640
4038000
4038672
4039364
4039432
4040352
4040432
4040496
4041040
4041524
4041924
4042532
4042748
4042788
4043548
4045128
4045688
4047772
4051440
4052752
4052800
4053596
4054336
4054660
4054760
4054872
4055128
4055396
4056092
4056640
4058136
4059720
4061872
4063068
4063080
4063204
4063448
4063676
4063700
4063736
4064244
4064276
4065612
4065756
4066248
4066712
4067480
4068056
4068772
4069144
4070484
4070924
4071088
4071828
4072712
4073372
4075204
4076300
4076464
4077308
4077428
4077568
4078016
4078512
4078664
4079780
4080152
4080172
4080240
4080636
4080752
4081232
4082312
4087060
4089448
4090056
4090708
4090724
4093236
4093536
4094036
4094552
4095112
4096600
4097340
4100616
4101888
4102580
4103720
4104248
4104392
4105564
4108300
4109640
4109856
4110336
4111084
4111424
4111892
4112188
4112484
4113720
4113956
4114348
4114732
4114792
4115048
4116044
4116112
4116152
4117116
4118408
4118488
4118820
4120132
4120244
4120568
4120728
4121940
4122100
4122300
4122912
4123708
4123792
4123992
4125184
4125264
4125812
4126080
4126340
4128332
4129752
4130232
4130296
4130468
4131356
4131848
4131956
4132096
4132216
4132224
4132924
4133004
4133476
4133652
4133912
4134100
4134212
4134292
4134700
4135856
4136468
4137952
4138276
4138724
4138900
4138912
4139964
4140720
4140864
4141612
4142924
4144200
4144244
4145024
4147660
4149024
4150384
4150748
4150920
4151112
4152248
4152536
4153456
4153932
4154144
4154412
4154472
4154660
4154868
4155732
4156284
4156608
4156764
4158428
4162332
4163188
4163892
4165040
4166592
4168384
4168428
4168808
4168828
4169132
4170088
4170132
4170984
4171524
4172380
4172852
4173764
4175264
4175556
4175796
4176144
4176816
4177180
4177408
4177444
4177480
4177604
4178080
4178972
4179552
4180484
4181176
4181212
4181500
4183808
4184288
4184620
4184992
4185104
4186024
4186040
4187020
4187300
4188280
4190108
4190788
4191144
4193516
4194044
4194484
4194648
4195832
4196128
4196588
4197492
4197912
4198024
4198536
4198756
4199084
4199452
4200584
4204856
4205192
4206064
4206144
4206236
4206300
4207812
4207968
4208056
4208672
4208720
4210996
4212024
4212084
4212852
4212960
4213116
4214248
4214576
4216744
4217008
4217452
4217692
4217772
4217960
4219136
4219828
4220544
4220668
4221796
4225368
4225996
4226436
4228628
4228928
4230008
4230192
4230584
4230672
4230804
4232008
4232068
4232088
4232092
4235120
4235536
4236332
4239156
4241644
4249376
4250572
4252672
4253124
4253392
4253440
4254396
4254656
4254744
4254772
4255904
4257632
4259316
4260416
4260512
4261416
4261744
4262120
4262724
4263104
4263316
4263464
4264228
4265712
4266264
4266288
4266352
4271272
4271612
4273876
4276768
4276936
4277088
4277312
4277368
4277640
4277720
4279748
4279860
4280092
4280996
4281132
4281172
4281348
4283812
4287316
4288268
4288384
4288504
4288728
4288824
4290164
4290428
4291740
4292644
4292712
4292772
4293796
4294844
4295040
4295216
4295772
4295784
4295860
4295984
4296164
4296236
4296848
4297816
4298128
4298164
4298184
4298320
4298428
4298496
4298636
4298780
4299476
4300108
4300524
4301048
4302968
4304192
4305312
4305832
4306412
4306556
4306840
4307260
4308284
4308608
4308956
4309500
4309624
4310320
4310644
4310736
4310888
4311032
4311360
4311432
4314096
4314584
4315128
4315160
4315876
4316204
4316216
4316260
4316388
4316724
4317756
4317920
4317972
4318308
4318328
4318336
4319172
4319644
4320628
4321052
4321520
4321984
4322348
4322444
4322480
4323540
4324608
4326844
4326896
4329336
4329808
4329948
4330012
4330108
4330220
4330564
4331172
4331268
4331320
4331356
4331388
4331776
4331804
4331956
4331964
4332268
4332308
4332516
4332648
4332844
4334648
4334688
4334776
4335096
4335100
4335276
4335328
4335364
4335432
4335508
4336280
4336316
4336988
4337308
4337464
4337592
4337624
4337868
4338276
4338544
4338656
4338736
4339000
4340012
4340908
4341280
3811924
3812228
3812452
3814320
3814556
3814760
3814888
3815092
3815972
3816416
3816792
3817240
3817976
3818036
3821068
3821400
3821432
3821620
3822332
3822792
3823972
3824168
3824208
3824364
3825896
3826008
3826232
3826248
3826464
3827004
3827604
3828052
3828920
3829088
3830032
3830388
3830476
3831120
3832532
3834500
3834560
3834672
3834696
3834724
3835052
3835380
3835388
3835472
3835700
3836036
3836644
3836804
3837072
3837796
3837864
3837880
3838084
3840320
3840360
3840508
3840512
3840712
3840816
3841612
3841624
3841936
3842080
3842196
3842508
3842656
3842740
3843308
3843328
3845768
3845796
3846520
3846616
3846960
3847512
3847608
3848004
3848160
3849512
3849552
3850236
3850348
3850356
3850384
3850600
3850840
3851008
3851060
3851868
3851884
3852052
3854452
3854472
3855224
3855244
3856104
3856524
3856912
3857080
3857440
3857736
3857836
3857852
3858648
3860884
3861208
3861244
3861624
3862520
3862652
3863040
3864232
3864376
3865360
3865600
3865984
3866216
3866228
3866744
3867208
3868176
3868924
3868960
3869044
3869148
3869244
3869340
3869488
3869984
3870056
3870412
3870512
3870572
3870844
3871480
3872452
3872460
3872476
3872696
3873108
3873232
3873328
3875260
3875456
3876012
3876180
3876360
3876380
3876516
3876540
3876732
3876912
3877152
3877160
3877180
3877784
3877952
3878580
3878796
3878844
3879108
3879236
3879972
3880024
3881104
3881640
3881772
3881892
3881928
3881956
3882028
3882196
3882308
3882348
3882432
3882552
3883112
3883116
3884064
3884080
3884548
3885252
3885352
3886376
3886808
3886888
3887216
3887328
3887384
3887880
3888032
3888144
3888168
3889660
3889768
3890224
3890544
3891368
3891420
3891508
3891768
3891772
3891876
3892040
3892404
3893100
3893228
3893676
3893880
3894488
3894500
3896908
3897288
3897588
3897628
3897952
3898212
3898816
3898980
3899480
3900244
3901560
3901728
3903112
3904236
3904384
3904400
3904808
3905168
3905328
3905844
3905880
3905928
3905960
3906044
3906060
3906080
3906236
3906304
3906320
3906952
3908232
3908416
3908592
3909720
3911756
3911904
3912256
3912428
3912584
3912716
3912860
3912868
3913224
3913544
3914096
3914752
3915628
3916144
3916156
3916216
3916476
3916760
3916852
3917136
3917144
3918840
3919196
3919440
3919472
3919520
3919584
3919728
3920076
3920780
3921096
3921180
3921232
3921928
3922268
3922388
3923148
3923312
3924072
3924720
3924760
3925888
3926044
3926092
3926096
3926116
3926176
3926232
3926304
3926572
3926648
3927284
3928248
3928272
3928836
3928952
3929184
3929272
3929284
3929512
3929796
3929864
3930052
3930348
3930772
3931464
3931768
3932068
3932864
3932952
3933076
3933344
3933852
3933972
3933996
3934056
3934064
3934380
3934536
3934624
3934996
3935188
3935532
3935856
3935916
3935944
3936084
3936572
3936660
3936676
3936712
3936908
3937412
3938920
3939040
3939112
3939148
3939540
3939644
3939764
3939844
3939864
3940552
3940932
3941896
3942068
3943016
3943636
3943708
3943732
3944140
3944208
3944344
3944384
3944900
3944964
3945444
3945524
3945608
3945640
3945860
3946560
3946620
3946852
3946856
3947236
3947600
3947764
3947936
3948348
3949940
3950392
3950940
3951040
3951108
3951380
3951448
3951640
3951708
3951748
3951816
3952272
3952552
3952660
3952824
3953040
3953052
3953444
3953792
3955056
3955280
3955552
3957324
3958012
3958240
3958328
3958996
3959016
3959076
3959084
3959108
3959124
3959316
3959344
3959356
3959396
3959432
3959700
3959844
3960040
3960512
3960780
3961048
3961264
3961272
3961276
3961316
3961840
3962144
3962336
3964228
3964772
3965560
3965740
3965936
3966056
3966164
3966192
3966332
3966640
3966996
3967696
3967880
3967984
3968224
3968260
3968604
3968788
3970652
3970764
3971024
3972940
3973232
3977388
3977716
3977760
3977780
3978664
3979080
3979348
3979464
3979508
3979972
3980592
3981088
3981108
3981748
3981768
3981928
3983120
3983412
3983880
3983944
3984492
3984696
3985292
3987676
3989060
3989376
3989588
3990500
3990696
3991092
3991680
3993588
3996816
3997360
3998368
4004080
4004992
4005096
4005180
4006364
4006796
4007404
4008576
4008964
4009340
4009520
4009888
4010076
3646273
3646630
3646961
3647017
3647357
3647877
3648733
3648781
3648845
3649921
3650390
3652192
3652344
3652436
3652568
3652776
3652868
3654992
3655144
3655148
3655776
3655832
3657191
3657479
3657527
3657863
3658167
3658175
3658359
3658371
3658379
3658507
3658579
3658639
3658975
3658987
3659223
3659943
3660051
3660283
3660747
3660831
3660883
3660891
3660963
3661251
3661587
3661603
3663331
3663499
3663511
3663603
3663623
3663635
3663995
3664131
3664411
3664455
3664787
3665315
3665399
3665567
3668251
3668295
3668327
3668951
3669619
3669647
3671607
3672031
3672067
3672171
3672675
3672703
3673027
3673055
3674151
3675399
3675439
3675675
3675847
3676271
3677103
3677315
3678407
3678867
3678999
3679207
3679247
3679407
3679439
3679751
3679839
3679875
3679879
3679959
3679983
3680219
3680339
3681507
3681687
3682511
3684311
3687451
3687611
3687915
3688079
3688111
3688447
3688959
3689135
3690135
3690427
3690643
3691311
3691427
3691543
3691787
3691987
3692023
3693459
3693775
3693807
3693859
3693867
3693947
3694163
3694203
3694255
3694299
3694535
3694863
3694927
3694967
3695003
3695099
3695787
3696083
3696375
3696423
3696591
3697227
3697399
3697955
3698707
3699583
3700627
3700883
3701415
3701679
3702467
3702759
3703671
3703739
3704951
3705175
3705183
3705231
3705307
3705327
3705875
3706043
3706771
3707127
3707359
3707467
3707855
3707995
3708939
3709639
3709643
3709819
3709843
3709943
3709983
3710119
3710139
3710147
3710307
3710435
3710547
3710583
3710739
3710863
3711391
3711407
3711539
3711639
3711723
3712423
3712575
3712687
3712739
3712867
3712871
3713467
3714179
3714559
3715135
3716099
3716187
3716611
3716903
3717019
3717247
3717647
3717783
3718452
3718883
3718904
3719084
3719996
3720256
3720371
3720619
3720691
3720907
3721012
3721224
3721443
3721524
3721779
3722247
3722547
3722600
3723400
3723968
3725043
3725487
3725647
3725663
3725843
3725884
3725904
3725923
3726288
3726376
3726412
3726427
3726492
3726892
3726975
3727124
3727415
3727483
3727547
3727624
3728364
3728543
3728711
3728768
3728807
3729764
3730164
3730175
3730276
3730419
3730567
3730568
3730659
3730707
3731108
3731207
3731263
3731804
3731983
3732663
3732731
3732916
3733287
3734423
3734575
3734995
3735083
3735216
3735363
3735543
3735560
3736248
3736708
3737772
3738155
3738451
3738483
3738784
3738924
3739072
3739396
3739655
3739876
3740512
3740632
3741300
3741324
3741896
3742208
3742263
3742268
3742488
3742567
3742627
3743436
3744180
3744668
3745915
3746140
3746320
3746367
3746371
3746523
3746636
3746935
3747011
3747103
3747136
3747675
3747707
3748260
3748624
3748724
3749127
3749200
3749687
3750895
3751784
3751816
3751943
3751951
3752080
3752119
3752171
3752195
3753164
3753427
3753531
3753704
3753772
3754143
3754288
3754316
3754459
3754752
3756467
3756839
3756868
3757127
3757224
3757451
3757551
3757575
3757696
3757723
3757748
3757783
3757788
3758143
3758312
3758583
3759015
3759715
3759812
3759840
3759887
3760248
3761623
3762620
3762951
3763087
3763395
3763399
3764796
3765504
3765616
3766212
3766856
3766984
3766992
3767020
3767360
3767412
3767588
3767856
3768020
3768644
3769176
3769612
3769692
3770044
3770380
3771912
3771920
3772704
3773244
3773292
3773452
3773788
3774276
3774656
3774708
3774756
3775496
3775588
3776336
3776356
3776524
3776612
3776748
3777248
3777384
3777652
3777840
3778228
3778312
3778464
3778480
3778652
3779472
3780208
3783004
3783188
3783552
3783592
3783844
3784024
3784264
3784532
3785516
3785932
3785936
3787812
3787952
3788080
3788180
3788360
3788436
3788968
3789040
3789696
3789972
3790504
3790672
3790908
3791088
3791128
3791284
3791340
3791868
3792388
3792864
3793128
3793504
3794680
3794784
3794884
3795124
3795268
3795348
3796040
3796124
3796172
3796228
3796248
3797148
3797300
3797736
3798100
3798696
3800128
3800796
3801216
3801728
3801732
3802216
3802252
3802264
3802520
3802592
3802704
3803048
3803348
3804480
3804836
3805056
3805780
3806396
3807184
3807436
3807500
3807544
3807560
3807816
3808404
3808744
3808904
3810136
3810544
3810760
3810928
3811116
3811420
3458361
3459849
3461485
3461549
3461657
3461713
3464069
3464185
3464277
3465529
3466305
3466817
3467105
3467241
3467809
3468153
3468213
3468861
3469037
3469097
3469213
3469709
3471905
3471997
3474005
3474693
3475741
3475989
3476173
3477125
3478345
3479529
3479737
3479981
3479993
3480189
3480253
3480609
3481389
3481605
3481697
3482393
3483517
3483853
3484669
3484837
3485505
3485733
3486377
3486421
3486673
3487125
3488145
3488237
3488461
3488729
3489029
3490441
3490717
3490797
3490813
3490833
3491001
3491181
3491205
3491245
3491425
3491545
3491753
3492753
3492965
3493237
3493305
3493861
3493901
3496705
3496869
3498089
3498469
3498481
3498741
3498861
3499073
3499473
3499601
3502589
3502849
3503129
3503493
3504029
3504209
3504393
3505297
3505357
3505421
3505849
3505913
3506201
3506849
3507221
3508001
3508653
3508665
3508685
3508733
3508857
3509013
3509269
3509309
3509757
3509865
3510281
3510749
3511229
3511269
3511337
3511429
3513705
3513837
3513913
3513961
3514137
3514409
3515461
3515545
3516181
3516497
3516749
3517089
3518409
3519321
3519753
3519921
3520321
3520953
3521033
3521193
3521337
3521653
3521989
3522181
3522249
3522557
3522717
3522745
3523293
3524741
3524845
3524993
3525053
3525137
3525181
3525421
3525765
3525949
3525969
3526313
3526561
3526781
3528081
3528117
3528585
3529569
3529645
3530109
3530205
3531433
3531441
3531877
3533349
3535053
3535505
3537849
3537913
3538097
3538261
3538289
3539609
3540117
3540161
3540257
3540489
3540881
3544177
3544805
3545113
3545249
3545561
3545629
3545985
3547143
3547905
3549313
3549805
3549937
3550165
3551121
3551717
3552481
3552865
3552905
3552949
3553033
3553161
3553229
3554897
3555937
3556355
3556411
3556588
3556698
3556846
3556969
3557031
3557047
3557633
3557733
3557747
3557800
3558030
3558139
3558253
3558386
3558438
3559070
3559074
3559098
3559186
3559238
3559250
3559334
3559583
3559994
3560767
3560951
3561935
3563531
3563707
3563807
3563995
3564107
3564355
3564571
3565047
3565363
3565595
3565895
3565911
3566215
3566751
3566991
3567823
3568323
3568343
3568731
3568735
3569639
3570535
3570659
3570703
3572151
3572411
3572539
3572635
3572963
3573111
3573339
3573703
3574019
3574183
3574539
3575879
3576039
3576095
3576587
3576663
3576695
3576751
3576775
3576979
3577163
3577703
3577971
3578115
3578411
3579635
3579643
3579707
3580031
3580575
3580615
3580627
3581191
3582411
3582435
3582959
3583803
3584275
3585023
3585747
3585755
3586035
3586067
3586215
3586411
3586463
3586491
3586679
3586683
3586863
3586867
3587031
3587039
3587443
3587451
3588139
3588227
3588331
3588711
3588751
3588839
3588867
3589067
3589143
3589251
3589667
3589739
3589835
3589927
3589975
3590243
3590275
3590619
3591091
3591175
3591343
3591655
3591807
3592123
3593047
3594151
3594627
3595003
3595019
3595067
3595567
3595743
3595863
3596191
3596379
3596399
3596587
3596747
3596979
3596991
3597115
3597179
3597439
3597883
3598571
3598683
3598703
3598859
3599367
3599675
3599855
3600355
3600887
3601235
3601671
3604215
3604300
3604403
3604479
3604537
3604671
3604737
3604780
3604960
3604961
3605113
3606794
3606975
3606985
3607156
3608158
3609708
3610302
3611524
3611552
3611646
3612218
3612366
3612408
3612580
3612948
3615034
3615106
3615292
3615632
3615646
3615664
3616478
3616972
3617170
3617246
3617364
3618478
3618728
3619982
3620428
3620572
3620738
3620806
3621346
3621424
3621484
3621506
3621612
3621630
3621900
3621958
3622244
3622814
3622912
3623726
3623810
3623910
3623946
3624068
3624340
3624474
3624542
3624682
3624696
3625068
3625314
3625460
3626214
3627036
3627198
3627303
3627906
3628047
3628056
3628554
3628956
3629049
3629055
3629286
3629330
3629972
3630190
3631268
3631700
3631796
3632052
3632060
3632804
3633560
3633568
3633756
3634032
3634104
3634116
3634124
3634132
3634176
3634748
3635256
3635304
3636276
3636388
3636416
3637820
3638036
3638728
3639348
3639520
3640856
3640880
3641776
3641800
3642678
3642744
3643317
3643452
3643473
3643611
3643653
3643677
3643821
3644064
3644826
3644847
3644850
3644937
3645138
3645249
3645714
3151341
3151361
3151421
3151436
3151891
3152481
3154581
3155356
3155676
3155851
3155951
3156176
3157151
3158671
3158716
3158931
3159356
3159561
3165826
3168121
3171101
3171391
3171416
3171466
3171531
3173746
3174401
3177316
3177536
3178916
3179061
3179091
3179406
3180221
3180276
3181746
3181936
3183051
3186266
3186956
3187106
3187136
3187456
3187786
3189301
3189786
3190471
3190841
3191076
3191106
3191146
3191296
3192096
3193656
3193911
3193931
3193936
3193986
3194176
3194261
3197101
3197206
3197466
3198451
3198736
3198751
3200171
3201526
3202121
3202261
3202296
3203121
3204586
3204696
3204746
3205001
3205136
3208101
3209891
3210941
3211026
3212351
3212896
3214611
3214616
3214891
3215356
3215781
3215976
3216476
3217016
3218161
3218476
3218561
3219261
3219551
3219681
3219816
3220766
3220901
3222261
3222381
3223191
3223346
3223851
3224031
3224586
3225951
3226591
3226616
3227336
3227536
3228461
3228491
3228506
3229411
3229771
3231206
3231281
3232766
3233331
3233626
3233796
3234151
3235566
3235656
3235966
3236316
3237351
3238396
3238711
3238911
3239221
3239326
3240356
3240526
3241796
3242061
3242516
3242881
3242901
3245316
3245406
3245616
3245791
3246036
3246216
3246341
3247176
3248121
3248286
3249611
3249716
3250406
3250496
3250876
3251066
3251111
3251141
3251151
3251261
3251276
3251321
3251411
3251441
3251471
3252616
3252916
3253471
3253781
3254381
3254601
3254721
3255071
3256251
3256786
3257651
3257696
3258111
3259871
3261201
3261216
3261496
3261511
3261566
3261846
3261971
3261976
3262026
3262091
3262876
3263126
3263271
3263351
3263646
3264016
3265176
3265826
3266361
3267486
3267856
3270991
3271076
3271291
3271736
3272006
3272041
3272121
3272471
3273101
3273361
3273501
3273556
3273656
3273701
3273981
3276276
3276866
3277101
3277306
3277326
3277491
3277526
3277831
3277941
3278851
3278966
3279226
3279656
3279696
3279741
3280341
3280386
3280526
3280916
3281246
3282961
3283001
3283276
3283441
3283476
3283486
3283806
3284146
3284316
3284716
3284766
3285346
3285541
3285716
3285731
3287626
3288256
3288381
3288831
3289056
3289596
3289941
3291141
3294846
3295386
3296431
3298281
3300296
3300366
3300471
3300926
3301991
3303071
3304006
3304046
3306036
3306551
3306936
3308651
3309181
3311921
3312496
3312841
3313426
3313791
3315491
3315576
3318191
3318406
3318581
3319081
3320031
3323761
3324106
3324991
3326241
3327791
3328401
3328486
3328491
3328541
3328611
3328641
3329121
3329321
3329596
3329996
3333186
3334711
3335341
3336946
3337671
3337831
3338141
3338621
3339251
3339691
3340256
3341431
3341806
3342076
3342486
3343496
3343676
3344036
3345666
3346101
3348001
3348686
3348711
3348931
3349326
3349421
3349531
3349886
3350041
3350146
3352541
3352989
3353009
3354281
3355145
3355725
3355893
3355985
3359013
3359225
3359461
3360041
3360289
3360609
3363449
3363561
3363817
3363841
3366377
3366385
3367849
3368257
3369113
3369353
3369653
3370277
3370481
3370885
3371053
3373229
3373401
3375137
3375149
3375641
3376433
3376573
3377209
3377233
3377317
3379989
3380701
3380845
3380905
3380953
3381541
3381581
3381873
3382001
3383889
3383905
3384341
3384437
3385753
3387285
3387437
3387477
3388301
3389497
3389933
3391397
3392353
3393605
3393665
3395229
3395273
3395769
3395801
3396085
3396665
3397409
3397501
3398621
3398641
3399041
3399537
3399897
3401125
3401593
3402521
3403921
3403977
3404529
3405177
3405369
3406433
3406449
3406669
3406697
3406817
3409513
3409661
3413129
3414217
3414309
3414777
3415065
3417117
3417537
3422497
3423401
3423677
3424117
3424605
3427073
3427313
3427449
3427865
3428301
3428589
3428921
3429217
3429637
3433477
3433969
3434089
3434093
3434301
3434925
3434977
3435229
3435249
3435625
3435841
3436305
3436353
3438065
3438325
3438705
3438729
3438741
3438985
3439005
3439129
3439149
3439281
3439501
3439861
3441013
3443637
3443929
3444989
3446409
3447533
3447689
3447797
3448033
3448129
3448497
3448505
3449257
3449277
3449573
3449769
3449953
3451425
3451561
3451593
3451689
3451957
3452289
3452649
3452653
3452881
3453877
3456713
3457081
3457657
529842
656346
730423
764430
901121
903906
904121
952851
989765
1013222
1016617
1030379
1052022
1054553
1061871
1084457
1087788
1090509
1104457
1104489
1106835
1150280
1152749
1157007
1178155
1192234
1193084
1195725
1206109
1230847
1246535
1247541
1260500
1269087
1272572
1274859
1288733
1314303
1317501
1317859
1324864
1329223
1334934
1346843
1348742
1348989
1350995
1354001
1357821
1360169
1360891
1362053
1367226
1369515
1370472
1370769
1386772
1393277
1393720
1397519
1401503
1408276
1409189
1410239
1415423
1416780
1420418
1420795
1423070
1424160
1427623
1428700
1430752
1434848
1436634
1441226
1442488
1447300
1455410
1457098
1458910
1462584
1463292
1464452
1465571
1465708
1472118
1475287
1478772
1478859
1480866
1482433
1486140
1487134
1487273
1488553
1490296
1491105
1493539
1494371
1494632
1495571
1496019
1497121
1497495
1499805
1502405
1502951
1509865
1522732
1526904
1530168
1532056
1536780
1537395
1548935
1570455
1583390
1587385
1601600
1603705
1610645
1621330
1632635
1668470
1684730
1691710
1702845
1711680
1720970
1733535
1742720
1766075
1773100
1781960
1783365
1786790
1787495
1815750
1816765
1817725
1821225
1831700
1842255
1856255
1857195
1858835
1864525
1881250
1885855
1886065
1909900
1927730
1935830
1936250
1942145
1943640
1947905
1949265
1953385
1962065
1978955
2008175
2009970
2013390
2050925
2103144
2117464
2125724
2129794
2148549
2150234
2151609
2152374
2152789
2155159
2159204
2166009
2166034
2169874
2173884
2176884
2178419
2183959
2213544
2214619
2214624
2215214
2227794
2231599
2233579
2237469
2240574
2251241
2260651
2262561
2262646
2263396
2263671
2279631
2289136
2299251
2307761
2308101
2314281
2338991
2350181
2358526
2362091
2367581
2368006
2374766
2376881
2377136
2379491
2394701
2394726
2408416
2410476
2417831
2433921
2445006
2507321
2659541
2673791
2709336
2715286
2729956
2733696
2742996
2743296
2747671
2762826
2784126
2785756
2789166
2809796
2810931
2821796
2867151
2881061
2908181
2913041
2935166
2939536
2958136
2958296
2958906
2966461
2971266
2978176
2986121
3011826
3019266
3031556
3033146
3034041
3034251
3034756
3035121
3035271
3035566
3035821
3036386
3038491
3038551
3040356
3040701
3044566
3044726
3046341
3051051
3053606
3054406
3055271
3056421
3060656
3061206
3061606
3062186
3063846
3064056
3064081
3064086
3064156
3064441
3064511
3066756
3069711
3070301
3070641
3070826
3071346
3071486
3071821
3072256
3072266
3073251
3074281
3074456
3074541
3075296
3075691
3075791
3075881
3076011
3078556
3078656
3080096
3080801
3080881
3081276
3081906
3082121
3082871
3086641
3086781
3088531
3088546
3088571
3089261
3089671
3092376
3092841
3093241
3093981
3094091
3094116
3094211
3094261
3094301
3094691
3095136
3095726
3096861
3096886
3097536
3098176
3098746
3100281
3101031
3101306
3101696
3102036
3102081
3102131
3102336
3103176
3103261
3103281
3103466
3103626
3104436
3104566
3105426
3109506
3109536
3109716
3110881
3111226
3111421
3111786
3112206
3112681
3114231
3116951
3117561
3117651
3118196
3118326
3118626
3121266
3121871
3121936
3122036
3122056
3122091
3122116
3122906
3123561
3123621
3124081
3124241
3124321
3124556
3124671
3124796
3124921
3125026
3125231
3126531
3126911
3127191
3127306
3127596
3127691
3128631
3128636
3128771
3128851
3130741
3131461
3131896
3132121
3132361
3132781
3134026
3134746
3135561
3137511
3137691
3139731
3140286
3140486
3141061
3141186
3141536
3141931
3143081
3143731
3144271
3146466
3147186
3149046
3149891
3150476
3150901
3151021
3151176
3151201
3151221
3151251
